2018_05_23_00_12_27_215.bmp
camPos
0.0452323 -0.979334 0.197129 -17.2443 
0.966663 -0.00687443 -0.255958 57.2006 
0.252023 0.202135 0.946375 699.406 
0 0 0 1 
qiPos
0.995587 0.00610916 -0.0931929 146.57 
-0.0418254 0.920275 -0.388027 -744.962 
0.0834991 0.390251 0.916464 2506.87 
0 0 0 1 
2018_05_23_00_12_36_724.bmp
camPos
0.0448261 -0.979614 0.195824 -17.2422 
0.966383 -0.00715455 -0.257006 57.1965 
0.253167 0.200761 0.946362 699.372 
0 0 0 1 
qiPos
0.997388 0.0137978 -0.0708603 134.262 
-0.0379167 0.935091 -0.351576 -595.213 
0.0614494 0.353347 0.933171 2231.49 
0 0 0 1 
2018_05_23_00_12_41_489.bmp
camPos
0.0452782 -0.979374 0.196919 -17.2419 
0.966489 -0.00691384 -0.256614 57.2042 
0.252683 0.201939 0.946241 699.386 
0 0 0 1 
qiPos
0.936424 0.09511 0.33762 75.1187 
0.032692 0.934618 -0.354066 -612.212 
-0.349246 0.342612 0.872085 2254.89 
0 0 0 0 
2018_05_23_00_12_48_694.bmp
camPos
0.0447177 -0.980102 0.19339 -17.2407 
0.96679 -0.00630307 -0.255494 57.2079 
0.251629 0.198393 0.947271 699.358 
0 0 0 1 
qiPos
0.989409 0.066561 0.128929 66.0606 
-0.011867 0.92233 -0.384919 -506.247 
-0.144656 0.379308 0.913352 2028.02 
0 0 0 1 
2018_05_23_00_12_57_253.bmp
camPos
0.0452176 -0.979476 0.196422 -17.2509 
0.96615 -0.00711263 -0.257882 57.2115 
0.253987 0.201434 0.946 699.376 
0 0 0 1 
qiPos
0.994528 0.103122 -0.0161274 125.543 
-0.103687 0.960055 -0.25856 -397.411 
-0.0111832 0.258818 0.965496 1829.69 
0 0 0 1 
2018_05_23_00_13_03_481.bmp
camPos
0.0450636 -0.979384 0.196917 -17.2532 
0.966094 -0.00743899 -0.258085 57.2098 
0.254229 0.201871 0.945841 699.401 
0 0 0 1 
qiPos
0.918121 0.0425248 0.393865 106.256 
0.0383248 0.979829 -0.194821 -400.259 
-0.394401 0.19392 0.897978 1829.08 
0 0 0 1 
2018_05_23_00_13_09_014.bmp
camPos
0.0449526 -0.979394 0.19689 -17.2575 
0.96621 -0.00744839 -0.257649 57.2144 
0.253806 0.201819 0.945966 699.424 
0 0 0 1 
qiPos
0.900019 0.0401085 -0.433942 168.955 
-0.12787 0.97614 -0.174917 -418.231 
0.416656 0.212917 0.883673 1835.17 
0 0 0 1 
2018_05_23_00_13_15_425.bmp
camPos
0.0448988 -0.979604 0.195856 -17.2363 
0.96609 -0.00732388 -0.258102 57.206 
0.254272 0.200803 0.946057 699.371 
0 0 0 0 
qiPos
0.991496 0.103546 -0.0786056 164.469 
-0.116954 0.97422 -0.191291 -299.698 
0.0568146 0.198863 0.978046 1637.52 
0 0 0 1 
2018_05_23_00_13_21_646.bmp
camPos
0.0446257 -0.979866 0.194604 -17.2294 
0.966393 -0.00702329 -0.256972 57.2068 
0.253165 0.199531 0.946623 699.37 
0 0 0 1 
qiPos
0.884514 0.0899848 0.457709 89.1025 
-0.00474378 0.982835 -0.18404 -303.044 
-0.466487 0.16061 0.869763 1636.78 
0 0 0 1 
2018_05_23_00_13_26_713.bmp
camPos
0.0445692 -0.97991 0.194392 -17.2285 
0.966401 -0.00701714 -0.256942 57.2155 
0.253144 0.199313 0.946674 699.424 
0 0 0 1 
qiPos
0.89468 0.110781 -0.432724 210.486 
-0.20126 0.964762 -0.169108 -318.22 
0.398791 0.238393 0.885448 1638.7 
0 0 0 1 
2018_05_23_00_13_42_465.bmp
camPos
0.0451483 -0.97984 0.194616 -17.2305 
0.966726 -0.00625094 -0.255739 57.2162 
0.2518 0.199686 0.946954 699.383 
0 0 0 1 
qiPos
0.995669 0.088879 -0.0272054 115.741 
-0.0927099 0.970179 -0.223738 -295.157 
0.00650208 0.225291 0.974218 1551.12 
0 0 0 1 
2018_05_23_00_13_48_919.bmp
camPos
0.0448516 -0.979696 0.195407 -17.2117 
0.966251 -0.007125 -0.257504 57.2095 
0.253668 0.200362 0.946313 699.379 
0 0 0 1 
qiPos
0.921586 0.0943052 0.376518 66.0088 
-0.015665 0.978258 -0.206705 -299.923 
-0.387843 0.184606 0.903027 1547.88 
0 0 0 1 
2018_05_23_00_13_55_762.bmp
camPos
0.0443919 -0.9798 0.194992 -17.2193 
0.966513 -0.00726012 -0.256517 57.2068 
0.252751 0.199849 0.946666 699.386 
0 0 0 1 
qiPos
0.955718 0.100527 -0.276531 187.147 
-0.164445 0.961729 -0.218605 -306.895 
0.244038 0.254403 0.935674 1551.07 
0 0 0 1 
2018_05_23_00_14_05_978.bmp
camPos
0.0449049 -0.979658 0.195583 -17.2253 
0.966119 -0.00722322 -0.257997 57.2138 
0.254162 0.200542 0.946142 699.367 
0 0 0 1 
qiPos
0.987278 0.0718958 0.140014 561.705 
-0.0344989 0.966212 -0.251384 -638.631 
-0.153734 0.24327 0.956441 2293.7 
0 0 0 1 
2018_05_23_00_14_10_199.bmp
camPos
0.0447043 -0.979755 0.195145 -17.2281 
0.966695 -0.00684897 -0.255839 57.2066 
0.251996 0.200083 0.946818 699.376 
0 0 0 1 
qiPos
0.851526 0.0422377 0.522596 488.119 
0.0633692 0.98113 -0.182545 -654.467 
-0.520469 0.188557 0.832781 2314.4 
0 0 0 1 
2018_05_23_00_14_23_967.bmp
camPos
0.0449454 -0.979512 0.196307 -17.2253 
0.966572 -0.00701363 -0.256298 57.2136 
0.252423 0.201264 0.946454 699.395 
0 0 0 1 
qiPos
0.994034 0.10252 0.0371201 591.69 
-0.0908841 0.966179 -0.236652 -606.214 
-0.0602406 0.23186 0.969733 2284.54 
0 0 0 1 
2018_05_23_00_14_32_289.bmp
camPos
0.0450746 -0.979483 0.196423 -17.2349 
0.966395 -0.00705862 -0.256964 57.2098 
0.253078 0.201405 0.946249 699.36 
0 0 0 1 
qiPos
0.987809 0.0270765 0.153163 352.91 
0.00412871 0.979536 -0.199873 -402.477 
-0.15553 0.19808 0.967485 1742.69 
0 0 0 1 
2018_05_23_00_14_36_097.bmp
camPos
0.0446368 -0.979907 0.194395 -17.228 
0.966732 -0.00669032 -0.255704 57.213 
0.251867 0.199342 0.947009 699.407 
0 0 0 1 
qiPos
0.873217 0.0402572 0.48554 350.915 
0.0612078 0.979489 -0.191112 -398.374 
-0.483439 0.196568 0.852859 1707.83 
0 0 0 1 
2018_05_23_00_14_40_216.bmp
camPos
0.0449279 -0.979485 0.196445 -17.2287 
0.966482 -0.00713906 -0.256635 57.2084 
0.252773 0.20139 0.946334 699.393 
0 0 0 1 
qiPos
0.996717 0.0701351 -0.0400544 411.751 
-0.0768733 0.975576 -0.204729 -405.558 
0.0247303 0.207144 0.977765 1663.43 
0 0 0 1 
2018_05_23_10_08_55_155.bmp
camPos
-0.0822841 -0.899066 0.430011 14.0144 
0.956377 -0.192591 -0.219663 3.21309 
0.280307 0.393178 0.875693 874.955 
0 0 0 1 
qiPos
0.871392 -0.0921852 0.481848 354.487 
0.132405 0.989931 -0.0500565 -259.448 
-0.472382 0.107418 0.874824 1478.48 
0 0 0 1 
2018_05_23_12_43_14_897.bmp
camPos
-0.079458 -0.887528 0.453851 35.0939 
0.956525 -0.196051 -0.215924 5.91711 
0.280617 0.416963 0.864521 874.67 
0 0 0 1 
qiPos
0.861732 -0.0916343 0.49902 388.186 
0.133903 0.989758 -0.0494821 -253.886 
-0.489375 0.109461 0.865176 1472.24 
0 0 0 1 
2018_05_23_12_55_46_283.bmp
camPos
-0.0456041 -0.846186 0.530933 43.2234 
0.96139 -0.181565 -0.206795 16.8377 
0.271386 0.501003 0.821794 848.725 
0 0 0 1 
qiPos
0.861413 -0.0927486 0.499365 388.057 
0.133938 0.989865 -0.0471939 -253.835 
-0.489927 0.107537 0.865105 1472.11 
0 0 0 1 
2018_05_23_16_05_01_855.bmp
camPos
-0.0636851 -0.992297 -0.106256 5.43301 
0.876625 -0.00473974 -0.48115 81.5251 
0.47694 -0.123789 0.870175 719.633 
0 0 0 1 
qiPos
0.98242 0.151775 -0.108696 -167.071 
-0.16093 0.98363 -0.0810544 -426.959 
0.094615 0.0971219 0.990763 2069.8 
0 0 0 1 
2018_05_23_16_05_06_129.bmp
camPos
-0.0643964 -0.991954 -0.108996 5.44063 
0.877087 -0.00416258 -0.480313 81.5323 
0.475995 -0.126529 0.870298 719.6 
0 0 0 1 
qiPos
0.984112 0.0741176 -0.161326 -157.488 
-0.144076 0.864298 -0.481796 -453.577 
0.103735 0.497387 0.861243 1988.36 
0 0 0 1 
2018_05_23_16_05_10_920.bmp
camPos
-0.0643447 -0.992218 -0.106602 5.43155 
0.875955 -0.00498066 -0.482367 81.5366 
0.478083 -0.124416 0.869458 719.618 
0 0 0 1 
qiPos
0.975716 0.0576873 0.211295 44.0529 
0.00674185 0.956281 -0.29221 -430.82 
-0.218933 0.286539 0.93267 1990.07 
0 0 0 1 
2018_05_23_16_05_22_369.bmp
camPos
-0.0643002 -0.992187 -0.106917 5.43589 
0.876669 -0.0049744 -0.481068 81.5369 
0.476777 -0.124664 0.870139 719.628 
0 0 0 1 
qiPos
0.966237 0.114526 -0.230783 -259.28 
-0.147988 0.979932 -0.133229 -327.16 
0.210908 0.162882 0.963797 1845.71 
0 0 0 1 
2018_05_23_16_05_28_216.bmp
camPos
-0.0637421 -0.992617 -0.103189 5.4366 
0.875812 -0.0060708 -0.482614 81.5357 
0.478425 -0.121137 0.869733 719.63 
0 0 0 1 
qiPos
0.981945 0.0523482 -0.181752 -131.082 
-0.120112 0.914701 -0.385531 -536.013 
0.146109 0.40041 0.904473 1788.49 
0 0 0 1 
2018_05_23_16_05_34_375.bmp
camPos
-0.0645397 -0.992047 -0.108061 5.44918 
0.876761 -0.00465617 -0.480903 81.539 
0.476575 -0.125781 0.870089 719.603 
0 0 0 1 
qiPos
0.907932 0.164078 0.385659 116.453 
-0.0797693 0.970991 -0.225308 -385.068 
-0.411455 0.173799 0.894681 1884.06 
0 0 0 1 
2018_05_23_16_05_41_419.bmp
camPos
-0.0637159 -0.992369 -0.105563 5.47765 
0.877298 -0.00527638 -0.479917 81.5237 
0.475698 -0.123189 0.870939 719.624 
0 0 0 1 
qiPos
0.999339 0.00948148 -0.0350513 -91.4077 
-0.025355 0.873258 -0.486531 -454.743 
0.0259966 0.487099 0.872922 1662.4 
0 0 0 1 
2018_05_23_16_05_47_408.bmp
camPos
-0.064145 -0.992401 -0.105 5.4675 
0.875928 -0.0055757 -0.48241 81.5407 
0.478159 -0.122916 0.869629 719.61 
0 0 0 1 
qiPos
0.976995 0.0379399 -0.209765 -190.975 
-0.103524 0.944189 -0.311636 -515.076 
0.186366 0.326206 0.92639 2217.44 
0 0 0 1 
2018_05_23_16_05_52_109.bmp
camPos
-0.064135 -0.99226 -0.106334 5.45702 
0.87602 -0.0049425 -0.482249 81.544 
0.477991 -0.12408 0.869557 719.597 
0 0 0 1 
qiPos
0.937123 0.152195 0.31402 -18.9719 
-0.0613618 0.957706 -0.280976 -477.611 
-0.343527 0.244031 0.906829 2215.94 
0 0 0 1 
2018_05_23_16_06_05_544.bmp
camPos
-0.0649102 -0.991955 -0.108683 5.45816 
0.876433 -0.00459562 -0.481502 81.5425 
0.477129 -0.126507 0.86968 719.583 
0 0 0 1 
qiPos
0.941824 0.181986 -0.282464 -302.712 
-0.125106 0.969904 0.207838 -387.126 
0.311923 -0.160395 0.93625 2269.68 
0 0 0 1 
2018_05_23_16_06_10_890.bmp
camPos
-0.064173 -0.992181 -0.107043 5.4526 
0.876777 -0.00482882 -0.480873 81.5381 
0.476597 -0.124712 0.870231 719.607 
0 0 0 1 
qiPos
0.969693 -0.0506281 -0.239003 -231.691 
-0.0811752 0.85585 -0.510568 -532.652 
0.230438 0.514494 0.8258 2158.06 
0 0 0 1 
2018_05_23_16_06_16_361.bmp
camPos
-0.0644419 -0.992095 -0.107675 5.45764 
0.876076 -0.00457659 -0.482152 81.5462 
0.477848 -0.125402 0.869446 719.552 
0 0 0 1 
qiPos
0.921261 0.161603 0.353747 -35.1647 
-0.0813599 0.969461 -0.231024 -543.299 
-0.380337 0.184052 0.906277 2223.32 
0 0 0 1 
2018_05_23_16_06_21_542.bmp
camPos
-0.0645772 -0.992048 -0.108029 5.45295 
0.876827 -0.00472222 -0.480782 81.5447 
0.476449 -0.12577 0.87016 719.612 
0 0 0 1 
qiPos
0.903664 -0.407055 0.132955 80.1495 
0.427521 0.87549 -0.225154 -534.923 
-0.0247431 0.260306 0.965174 2221.64 
0 0 0 1 
2018_05_23_16_06_27_640.bmp
camPos
-0.0641387 -0.992284 -0.10611 5.45243 
0.876271 -0.00511967 -0.48179 81.5426 
0.47753 -0.123883 0.869838 719.607 
0 0 0 1 
qiPos
0.681656 0.251231 -0.687181 -262.955 
-0.514521 0.832342 -0.206073 -372.968 
0.520201 0.49404 0.696635 1971.45 
0 0 0 1 
2018_05_23_16_06_32_587.bmp
camPos
-0.064868 -0.992022 -0.10809 5.44964 
0.87556 -0.0046156 -0.483087 81.5528 
0.478734 -0.125977 0.868875 719.563 
0 0 0 1 
qiPos
0.945456 -0.0330966 0.32401 105.037 
0.138944 0.940688 -0.309228 -448.343 
-0.294589 0.337383 0.893981 1943.94 
0 0 0 1 
2018_05_23_16_06_39_437.bmp
camPos
-0.0645264 -0.992247 -0.10622 5.45233 
0.876123 -0.00537082 -0.482058 81.5369 
0.47775 -0.124167 0.869677 719.585 
0 0 0 1 
qiPos
0.807621 0.0559728 -0.587033 -171.118 
-0.296124 0.899349 -0.321625 -333.378 
0.509956 0.433584 0.742905 1588.98 
0 0 0 1 
2018_05_23_16_06_45_638.bmp
camPos
-0.0647461 -0.99205 -0.107913 5.38615 
0.875649 -0.00461766 -0.482926 81.5617 
0.478589 -0.125761 0.868986 719.601 
0 0 0 1 
qiPos
0.958813 0.0876084 0.270152 64.2011 
-0.000219563 0.951424 -0.307739 -290.736 
-0.284021 0.295004 0.912259 1409.02 
0 0 0 1 
2018_05_23_16_06_51_617.bmp
camPos
-0.0648965 -0.992165 -0.106761 5.45956 
0.875673 -0.00531774 -0.482874 81.5457 
0.478523 -0.124825 0.869157 719.573 
0 0 0 1 
qiPos
0.92103 -0.102726 -0.375674 -130.677 
-0.12466 0.836064 -0.534273 -325.903 
0.368971 0.538912 0.757236 1249.96 
0 0 0 1 
2018_05_23_16_06_59_187.bmp
camPos
-0.0642715 -0.992283 -0.106034 5.47447 
0.876662 -0.00537537 -0.481077 81.5337 
0.476795 -0.123876 0.870242 719.576 
0 0 0 1 
qiPos
0.524927 0.311073 -0.792261 -252.755 
-0.210941 0.949321 0.232982 -190.656 
0.824593 0.0448217 0.563941 1218.73 
0 0 0 1 
2018_05_23_16_07_05_645.bmp
camPos
-0.0640573 -0.99236 -0.105444 5.51671 
0.876216 -0.00535654 -0.481888 81.5527 
0.477642 -0.123261 0.869865 719.479 
0 0 0 1 
qiPos
0.983084 0.00865716 -0.182952 -14.7424 
-0.0822719 0.913311 -0.398864 -169.425 
0.163639 0.407168 0.898573 1226.9 
0 0 0 1 
2018_05_23_16_07_10_866.bmp
camPos
-0.064083 -0.992276 -0.106217 5.50387 
0.877227 -0.00526709 -0.480047 81.5399 
0.475779 -0.123939 0.870789 719.518 
0 0 0 1 
qiPos
0.77812 -0.589333 -0.217291 -13.0367 
0.575864 0.807483 -0.127872 -210.028 
0.250818 -0.0256301 0.967694 1249.11 
0 0 0 1 
2018_05_23_16_07_16_124.bmp
camPos
-0.0643374 -0.992289 -0.105939 5.5065 
0.875798 -0.00525587 -0.48265 81.5463 
0.478371 -0.123833 0.869383 719.468 
0 0 0 1 
qiPos
0.880406 -0.332316 0.338305 8.42319 
0.40916 0.892959 -0.187641 -217.911 
-0.239738 0.303621 0.922136 1262.5 
0 0 0 1 
